го 0,014 0,00985
ок 0,004 0,00293
ла 0,008 0,00713
йе 0,001 2E-05
ро 0,016 0,01136
гл 0,001 0,00145
но 0,015 0,01551
чи 0,005 0,00252
хо 0,003 0,00275
ьн 0,006 0,00286
де 0,006 0,00675
то 0,017 0,01619
ев 0,002 0,00257
ож 0,007 0,00261
ус 0,002 0,00192
ле 0,01 0,00705
ци 0,004 0,0023
се 0,006 0,00455
за 0,005 0,00644
от 0,011 0,00846
од 0,005 0,00745
ат 0,01 0,0069
ло 0,01 0,00702
ях 0,001 0,00035
ом 0,008 0,00773
яс 0,001 0,00052
же 0,012 0,00439
нф 0,001 0,00019
пу 0,001 0,00104
аз 0,003 0,00436
вь 0,001 0,00023
ик 0,003 0,00347
он 0,005 0,00709
бы 0,002 0,00354
нт 0,006 0,00194
тр 0,006 0,00486
ко 0,013 0,01233
ст 0,021 0,01729
ел 0,006 0,00749
на 0,018 0,01429
ос 0,005 0,00956
ыл 0,001 0,002
ен 0,012 0,01251
ох 0,001 0,0007
ас 0,004 0,00533
ец 0,001 0,0005
лю 0,002 0,00144
бе 0,003 0,00239
ер 0,007 0,00877
ть 0,009 0,00732
ра 0,01 0,01216
ал 0,008 0,00993
ба 0,001 0,00121
ем 0,003 0,00564
ир 0,002 0,0021
яй 0,001 0,0001
оп 0,006 0,00222
ни 0,017 0,01243
ью 0,002 0,00057
сп 0,003 0,0026
ча 0,001 0,00271
бо 0,001 0,00366
ва 0,013 0,0084
пр 0,011 0,01007
ры 0,002 0,002
ск 0,009 0,00623
ол 0,009 0,00813
ин 0,002 0,00575
ма 0,006 0,00425
ис 0,005 0,00449
жи 0,003 0,00195
ов 0,007 0,01181
нн 0,008 0,00457
ео 0,001 0,00053
да 0,009 0,00616
эт 0,005 0,00275
ам 0,006 0,00451
во 0,008 0,00887
ия 0,003 0,00349
оч 0,002 0,00237
ли 0,012 0,00932
ше 0,004 0,00252
рю 0,001 0,00016
ое 0,004 0,0028
ие 0,005 0,00388
ил 0,006 0,00563
рм 0,001 0,00081
ад 0,003 0,00274
ны 0,006 0,00654
дх 0,001 7E-05
па 0,005 0,00232
уя 0,001 7E-05
ощ 0,001 0,00035
мо 0,004 0,00511
иш 0,001 0,00069
ря 0,002 0,00126
би 0,003 0,0012
по 0,009 0,01256
ез 0,001 0,00181
мя 0,001 0,00059
ан 0,006 0,00764
ца 0,002 0,00072
вы 0,008 0,00359
ка 0,006 0,00904
пе 0,001 0,00338
кр 0,005 0,00227
ию 0,001 0,00078
об 0,007 0,00535
ее 0,002 0,00169
вш 0,001 0,0007
ят 0,002 0,00199
та 0,006 0,00876
ут 0,003 0,00199
тв 0,004 0,00414
ту 0,004 0,00212
ед 0,009 0,00466
вд 0,002 0,00034
зи 0,001 0,00092
их 0,003 0,00275
им 0,004 0,00422
дн 0,002 0,0025
не 0,009 0,01158
вл 0,001 0,00167
ав 0,002 0,00446
ес 0,009 0,00694
фе 0,001 0,00059
ль 0,008 0,00679
си 0,004 0,00277
ье 0,001 0,00055
уч 0,002 0,00153
ыт 0,002 0,00088
ув 0,002 0,00064
ег 0,003 0,00339
ор 0,012 0,00823
ют 0,002 0,00113
ог 0,009 0,00668
ул 0,003 0,0016
тс 0,001 0,00251
сл 0,002 0,00362
ит 0,009 0,0063
ак 0,005 0,00589
см 0,003 0,00102
ей 0,003 0,00319
оя 0,003 0,00093
ди 0,003 0,00359
ещ 0,001 0,00082
вс 0,004 0,00319
уд 0,002 0,00243
ьш 0,001 0,00068
ки 0,005 0,00497
яз 0,002 0,00049
лж 0,001 0,00038
ум 0,002 0,00119
оз 0,002 0,00203
ой 0,002 0,00586
жа 0,003 0,00128
ру 0,003 0,00382
ве 0,004 0,00662
сю 0,001 0,00016
ри 0,004 0,0068
уж 0,003 0,00169
ял 0,002 0,0008
мы 0,001 0,00175
ты 0,002 0,00206
чт 0,003 0,00321
ще 0,004 0,00213
зм 0,001 0,00069
зь 0,001 0,00014
вв 0,001 9E-05
ме 0,005 0,00565
зл 0,001 0,00035
ае 0,003 0,00221
ид 0,001 0,00188
зн 0,003 0,00222
йн 0,001 0,00051
ду 0,003 0,00221
сс 0,001 0,00191
ку 0,004 0,00249
еп 0,002 0,00117
еб 0,002 0,00139
ая 0,003 0,0026
ьк 0,001 0,00125
еа 0,003 0,0003
аж 0,004 0,00157
сы 0,001 0,00052
мм 0,001 0,00029
ля 0,002 0,00259
ха 0,003 0,00081
пл 0,002 0,00129
те 0,006 0,00792
со 0,008 0,00461
иу 0,001 5E-05
ти 0,002 0,00648
ек 0,003 0,00239
ым 0,001 0,00186
шн 0,002 0,00044
ре 0,006 0,00961
ви 0,003 0,00407
гд 0,002 0,00127
ну 0,003 0,00279
нс 0,003 0,00126
из 0,005 0,0036
еж 0,001 0,00112
ар 0,005 0,00409
щи 0,002 0,0013
ща 0,001 0,00054
вр 0,002 0,00111
уш 0,001 0,00076
рж 0,001 0,00046
яг 0,001 0,00013
эм 0,001 6E-05
ся 0,004 0,00482
аб 0,001 0,00156
чш 0,001 0,00015
ьз 0,001 0,00028
бр 0,004 0,00157
рс 0,001 0,00076
до 0,001 0,0052
га 0,001 0,00185
че 0,003 0,00547
вз 0,001 0,00044
це 0,001 0,0015
вт 0,001 0,00052
вя 0,001 0,00046
сб 0,001 0,00012
ий 0,001 0,00234
шк 0,001 0,00064
ый 0,002 0,00211
йк 0,001 0,00017
юс 0,001 0,00018
аг 0,001 0,00101
рв 0,001 0,00062
ет 0,006 0,00797
ня 0,002 0,00185
щу 0,001 0,00016
гч 0,001 4E-05
иц 0,001 0,00119
ых 0,003 0,00242
ши 0,002 0,0019
бъ 0,001 0,00029
лс 0,002 0,00124
рг 0,002 0,00063
ша 0,002 0,00106
ьи 0,001 0,00012
пы 0,002 0,00042
ьс 0,001 0,00134
му 0,001 0,00253
шл 0,001 0,0006
зы 0,001 0,00071
кт 0,001 0,00175
лы 0,001 0,00077
гр 0,001 0,00159
др 0,001 0,00151
ио 0,002 0,00091
аю 0,002 0,00149
уг 0,001 0,00125
нд 0,001 0,00081
нк 0,001 0,0009
чу 0,002 0,0006
хв 0,001 0,0002
зр 0,001 0,0005
ив 0,001 0,00323
ыи 0,001 2E-05
ур 0,001 0,00137
бв 0,001 7E-05
ям 0,002 0,00064
зу 0,001 0,00063
нц 0,001 0,00066
сд 0,001 0,00027
жд 0,001 0,00122
тп 0,001 0,00011
ыш 0,001 0,00054
сн 0,001 0,00148
ух 0,001 0,00053
дя 0,001 0,00045
кл 0,001 0,00108
ай 0,001 0,00092
ич 0,001 0,00256
дс 0,001 0,00081
жн 0,001 0,00143
гу 0,001 0,00078
еш 0,001 0,00105
ке 0,001 0,00098
юц 0,001 5E-05
рт 0,001 0,00117
аш 0,001 0,00122
ои 0,001 0,00124
тн 0,001 0,00198
ые 0,001 0,00212
ач 0,001 0,00148
