в 0,057 0,05882
и 0,075 0,06712
близкий 0,001 0,00039
до 0,005 0,00386
о 0,007 0,00639
я 0,024 0,02378
экономический 0,001 0,00039
по 0,01 0,01085
он 0,027 0,0221
производство 0,001 0,00052
быть 0,023 0,0228
школа 0,002 0,00059
умереть 0,001 0,00034
положение 0,001 0,0005
они 0,007 0,00909
мы 0,013 0,00882
первый 0,003 0,00252
уровень 0,002 0,00065
слово 0,001 0,00181
свой 0,004 0,00717
как 0,004 0,00415
она 0,013 0,01048
мой 0,004 0,00323
право 0,003 0,00086
год 0,009 0,00699
к 0,012 0,0101
полный 0,002 0,00073
много 0,001 0,0009
сегодня 0,002 0,00087
путь 0,004 0,00067
равный 0,002 0,00054
который 0,008 0,00789
голова 0,003 0,00133
век 0,001 0,0006
туда 0,003 0,00036
выйти 0,002 0,0009
об 0,006 0,00134
не 0,032 0,0338
политика 0,001 0,00035
на 0,033 0,02975
например 0,002 0,00075
весь 0,004 0,0071
очень 0,002 0,00241
видеть 0,001 0,00153
во 0,003 0,00219
наш 0,004 0,00325
так 0,007 0,00645
ситуация 0,001 0,00056
бы 0,008 0,00435
держать 0,002 0,00037
направление 0,002 0,00034
комната 0,002 0,00058
население 0,001 0,00033
для 0,007 0,00605
потому 0,002 0,00144
происходить 0,001 0,00049
тот 0,005 0,00556
результат 0,003 0,00076
пусть 0,002 0,0004
здесь 0,004 0,00149
с 0,018 0,02121
хотеться 0,002 0,00053
момент 0,002 0,00058
поставить 0,002 0,0005
перед 0,001 0,00117
второй 0,003 0,00104
но 0,012 0,01009
исследование 0,001 0,00038
вместе 0,003 0,00078
номер 0,001 0,00038
другой 0,002 0,00344
хозяин 0,001 0,00032
тоже 0,002 0,00158
социальный 0,002 0,00043
среди 0,001 0,00059
мать 0,001 0,00062
никакой 0,002 0,00072
просто 0,002 0,00123
автор 0,003 0,00049
сам 0,002 0,00372
только 0,007 0,00448
из 0,005 0,00809
вот 0,008 0,00335
а 0,015 0,01537
большой 0,003 0,00177
надо 0,001 0,00186
начать 0,001 0,00089
угол 0,001 0,00032
если 0,005 0,00375
теперь 0,002 0,00163
дверь 0,001 0,00085
собираться 0,001 0,00036
ты 0,006 0,00594
самолет 0,001 0,00031
никогда 0,001 0,00075
товарищ 0,001 0,00043
страна 0,002 0,00136
ее 0,004 0,00229
сколько 0,002 0,00051
лежать 0,001 0,0006
работа 0,003 0,00198
значит 0,001 0,00052
бывший 0,001 0,00036
что 0,003 0,00714
взгляд 0,001 0,00061
рынок 0,001 0,00053
день 0,003 0,00236
чуть 0,002 0,00047
оба 0,002 0,00048
можно 0,002 0,00211
за 0,009 0,00732
этот 0,008 0,01015
народ 0,002 0,00072
история 0,002 0,00083
место 0,003 0,00174
следующий 0,001 0,00057
последний 0,002 0,00134
руководитель 0,001 0,0003
количество 0,001 0,00039
дать 0,001 0,00107
хоть 0,001 0,00038
некоторый 0,001 0,00077
стоить 0,001 0,00094
состояние 0,001 0,00055
мировой 0,002 0,00034
человек 0,002 0,0051
жизнь 0,001 0,00261
еще 0,01 0,00436
стол 0,003 0,00075
где 0,002 0,00212
сидеть 0,002 0,00101
под 0,002 0,00211
герой 0,001 0,00034
мир 0,002 0,00134
дом 0,003 0,00149
кто-то 0,002 0,00058
приходить 0,001 0,00041
цель 0,001 0,00059
движение 0,001 0,00046
дорога 0,001 0,00062
задача 0,001 0,00053
чтобы 0,006 0,00277
являться 0,001 0,00098
почти 0,001 0,00094
выходить 0,001 0,00038
данные 0,003 0,00043
стена 0,001 0,00049
хорошо 0,002 0,00091
там 0,002 0,00211
журнал 0,001 0,0003
лицо 0,002 0,00165
такой 0,003 0,00506
ход 0,001 0,00042
посмотреть 0,001 0,00059
несколько 0,001 0,00117
язык 0,001 0,00061
оказаться 0,001 0,001
совсем 0,002 0,00086
рука 0,003 0,00225
сказать 0,004 0,00449
общество 0,001 0,00059
иметь 0,002 0,0017
друг 0,002 0,00164
война 0,002 0,0008
глаз 0,002 0,00161
ли 0,004 0,00184
нужно 0,002 0,00066
ко 0,001 0,00045
вид 0,001 0,00116
кровь 0,002 0,00035
опять 0,001 0,00064
орган 0,002 0,00054
что-то 0,002 0,00125
конец 0,001 0,00119
же 0,006 0,00589
от 0,004 0,00688
оно 0,001 0,00074
оставаться 0,002 0,00061
пять 0,002 0,00053
стать 0,005 0,00304
вдруг 0,001 0,00094
власть 0,003 0,00082
однако 0,003 0,00091
или 0,001 0,0044
какой 0,002 0,00205
когда 0,001 0,00355
твой 0,002 0,00069
через 0,002 0,00151
вести 0,002 0,00053
часть 0,002 0,0011
следовать 0,002 0,00057
говорить 0,002 0,00329
вы 0,006 0,00545
себя 0,005 0,00426
книга 0,001 0,00078
высокий 0,001 0,00091
пойти 0,002 0,0011
отец 0,001 0,00091
более 0,001 0,00034
американский 0,001 0,00035
встреча 0,004 0,00042
современный 0,002 0,00044
свобода 0,002 0,00033
может 0,001 0,00041
женщина 0,001 0,001
десять 0,001 0,00037
пройти 0,002 0,00075
каждый 0,001 0,00164
основа 0,001 0,00043
деятельность 0,002 0,00059
уже 0,003 0,00409
работать 0,003 0,00115
сразу 0,001 0,00091
куда 0,001 0,00067
при 0,003 0,00291
президент 0,001 0,00058
основной 0,001 0,00063
новый 0,002 0,00228
случиться 0,001 0,00033
случай 0,002 0,00133
любой 0,002 0,00077
союз 0,002 0,00033
оставить 0,001 0,00039
со 0,002 0,00216
ничто 0,001 0,00169
чем 0,001 0,00135
далее 0,001 0,00043
всего 0,001 0,00032
конечно 0,002 0,00121
единственный 0,002 0,00038
найти 0,001 0,0008
увидеть 0,001 0,00085
машина 0,001 0,00092
зачем 0,001 0,00046
армия 0,001 0,00035
федерация 0,001 0,00049
над 0,002 0,00101
остаться 0,001 0,0009
его 0,001 0,00483
нельзя 0,001 0,0006
уж 0,001 0,00065
белый 0,001 0,00064
процесс 0,001 0,0007
значение 0,001 0,00038
нет 0,001 0,0011
серьезный 0,001 0,00032
государственный 0,001 0,00073
смерть 0,001 0,00053
представитель 0,001 0,00035
великий 0,002 0,00052
точка 0,001 0,00044
ж 0,001 0,00034
пытаться 0,001 0,00047
общий 0,001 0,00092
решение 0,001 0,00085
различный 0,001 0,00039
ребенок 0,001 0,00123
российский 0,001 0,00121
чувство 0,002 0,00045
бог 0,001 0,0008
должен 0,001 0,00177
целый 0,001 0,00042
семья 0,001 0,00052
сей 0,001 0,00037
все-таки 0,001 0,00049
то 0,001 0,00169
человеческий 0,001 0,00037
дело 0,001 0,00265
представить 0,001 0,00046
мочь 0,002 0,00546
какой-то 0,003 0,00143
кто 0,002 0,00258
их 0,002 0,00202
сейчас 0,001 0,00168
театр 0,002 0,00057
также 0,001 0,00107
банк 0,001 0,00033
простой 0,001 0,00052
понять 0,001 0,0011
всегда 0,003 0,00115
свет 0,001 0,00067
у 0,004 0,00807
маленький 0,001 0,00078
институт 0,001 0,00042
нужный 0,001 0,00066
принимать 0,001 0,00039
сторона 0,001 0,00144
подумать 0,002 0,00059
важный 0,001 0,00052
минута 0,001 0,00065
ну 0,001 0,00209
появиться 0,001 0,00055
материал 0,001 0,00045
снова 0,001 0,00063
потом 0,003 0,00189
просить 0,001 0,0004
без 0,001 0,00191
знать 0,002 0,00321
два 0,001 0,00241
самый 0,001 0,00189
образ 0,001 0,00084
вернуться 0,002 0,00058
роль 0,001 0,00056
время 0,004 0,00378
фильм 0,001 0,00037
между 0,001 0,00114
культура 0,001 0,00043
открыть 0,001 0,0004
поэтому 0,001 0,00079
использовать 0,001 0,00047
очередь 0,001 0,0004
закон 0,001 0,00081
пока 0,001 0,0004
русский 0,001 0,00099
любовь 0,001 0,00061
возможный 0,001 0,00034
настоящий 0,001 0,0007
квартира 0,001 0,00055
душа 0,002 0,00067
тогда 0,002 0,00157
государство 0,001 0,00061
земля 0,001 0,00093
небольшой 0,001 0,00037
федеральный 0,001 0,00039
советский 0,002 0,00072
труд 0,001 0,00054
тут 0,001 0,00165
развитие 0,001 0,0007
проект 0,001 0,00042
требовать 0,001 0,00036
событие 0,001 0,00039
число 0,001 0,00074
после 0,001 0,00202
бросить 0,001 0,00031
молодой 0,001 0,00075
московский 0,001 0,00048
становиться 0,001 0,00049
край 0,001 0,00036
