на 0,011 0,01429
ус 0,003 0,00192
бы 0,003 0,00354
жи 0,006 0,00195
ме 0,005 0,00565
ни 0,014 0,01243
ет 0,014 0,00797
ой 0,009 0,00586
не 0,011 0,01158
вы 0,006 0,00359
аш 0,004 0,00122
то 0,018 0,01619
ко 0,01 0,01233
рл 0,002 0,00014
ла 0,007 0,00713
ка 0,006 0,00904
же 0,002 0,00439
ом 0,011 0,00773
ки 0,005 0,00497
ак 0,007 0,00589
ат 0,005 0,0069
ши 0,001 0,0019
рн 0,003 0,00138
бл 0,003 0,00124
ск 0,01 0,00623
ен 0,01 0,01251
ми 0,004 0,00461
ым 0,002 0,00186
тр 0,004 0,00486
да 0,005 0,00616
ан 0,008 0,00764
ст 0,018 0,01729
ил 0,01 0,00563
еш 0,002 0,00105
ле 0,009 0,00705
аз 0,004 0,00436
де 0,01 0,00675
за 0,009 0,00644
аж 0,002 0,00157
ты 0,007 0,00206
ог 0,005 0,00668
ец 0,001 0,0005
ро 0,013 0,01136
ма 0,006 0,00425
ыв 0,002 0,00133
ок 0,002 0,00293
ду 0,001 0,00221
бн 0,002 0,00049
пр 0,01 0,01007
су 0,002 0,00145
ре 0,014 0,00961
чт 0,002 0,00321
ел 0,013 0,00749
эк 0,001 0,00034
пи 0,004 0,00158
ру 0,008 0,00382
тв 0,003 0,00414
од 0,006 0,00745
бо 0,002 0,00366
йс 0,002 0,00093
оп 0,005 0,00222
ос 0,006 0,00956
ча 0,002 0,00271
но 0,015 0,01551
мо 0,003 0,00511
ал 0,01 0,00993
во 0,01 0,00887
ер 0,009 0,00877
тс 0,004 0,00251
ас 0,004 0,00533
ых 0,002 0,00242
ож 0,004 0,00261
еп 0,001 0,00117
ша 0,003 0,00106
фа 0,001 0,00035
ьс 0,002 0,00134
ия 0,004 0,00349
ар 0,005 0,00409
ис 0,004 0,00449
ра 0,011 0,01216
ря 0,004 0,00126
сл 0,004 0,00362
вл 0,001 0,00167
ач 0,002 0,00148
гд 0,002 0,00127
ва 0,005 0,0084
щн 0,002 0,0001
сы 0,002 0,00052
св 0,002 0,00182
до 0,007 0,0052
ящ 0,003 0,00036
ае 0,003 0,00221
се 0,004 0,00455
ек 0,003 0,00239
ий 0,005 0,00234
от 0,011 0,00846
эт 0,002 0,00275
ов 0,007 0,01181
ор 0,006 0,00823
уа 0,001 0,00023
тд 0,001 0,00021
еж 0,002 0,00112
бе 0,004 0,00239
ль 0,007 0,00679
пл 0,001 0,00129
це 0,003 0,0015
ав 0,006 0,00446
ыд 0,001 0,00019
та 0,005 0,00876
ес 0,008 0,00694
го 0,011 0,00985
ут 0,001 0,00199
ед 0,006 0,00466
ше 0,001 0,00252
ри 0,01 0,0068
ли 0,009 0,00932
ве 0,005 0,00662
дь 0,001 0,00054
ош 0,001 0,00105
пе 0,002 0,00338
ся 0,001 0,00482
по 0,012 0,01256
ны 0,007 0,00654
тц 0,002 7E-05
рю 0,002 0,00016
ол 0,006 0,00813
те 0,007 0,00792
аю 0,002 0,00149
ое 0,002 0,0028
ть 0,006 0,00732
ди 0,006 0,00359
ви 0,004 0,00407
че 0,002 0,00547
ые 0,002 0,00212
об 0,004 0,00535
ин 0,007 0,00575
мн 0,001 0,0017
ьн 0,002 0,00286
см 0,002 0,00102
лю 0,003 0,00144
нд 0,001 0,00081
сх 0,001 0,00027
зр 0,001 0,0005
мы 0,004 0,00175
ту 0,001 0,00212
би 0,001 0,0012
ло 0,009 0,00702
ив 0,004 0,00323
кц 0,001 0,00027
бр 0,001 0,00157
ев 0,003 0,00257
сь 0,003 0,00296
им 0,004 0,00422
нь 0,002 0,00129
уз 0,002 0,00047
ву 0,002 0,001
уч 0,004 0,00153
ща 0,001 0,00054
чу 0,002 0,0006
га 0,005 0,00185
ие 0,005 0,00388
ад 0,004 0,00274
еб 0,001 0,00139
нн 0,003 0,00457
ум 0,002 0,00119
иа 0,001 0,00067
ей 0,002 0,00319
кр 0,001 0,00227
ца 0,001 0,00072
чн 0,001 0,00146
нт 0,002 0,00194
ба 0,001 0,00121
со 0,003 0,00461
ем 0,006 0,00564
яе 0,003 0,00043
ув 0,001 0,00064
ну 0,002 0,00279
ку 0,002 0,00249
ти 0,008 0,00648
зв 0,001 0,00129
яц 0,001 0,00011
зо 0,001 0,00112
ый 0,003 0,00211
нц 0,002 0,00066
ац 0,001 0,00096
он 0,003 0,00709
ая 0,002 0,0026
сг 0,001 4E-05
яй 0,001 0,0001
ыб 0,001 0,00028
ох 0,001 0,0007
яс 0,002 0,00052
вш 0,001 0,0007
ьз 0,001 0,00028
дз 0,001 5E-05
ит 0,005 0,0063
ке 0,002 0,00098
аб 0,003 0,00156
иш 0,001 0,00069
ыл 0,001 0,002
ай 0,001 0,00092
щи 0,001 0,0013
вя 0,002 0,00046
ую 0,002 0,00167
вь 0,001 0,00023
жд 0,002 0,00122
уд 0,001 0,00243
ее 0,002 0,00169
сп 0,004 0,0026
тя 0,002 0,00073
аг 0,001 0,00101
нс 0,001 0,00126
гу 0,001 0,00078
бу 0,001 0,00139
лы 0,001 0,00077
из 0,002 0,0036
вс 0,004 0,00319
кв 0,003 0,00045
рф 0,001 9E-05
ио 0,001 0,00091
ик 0,001 0,00347
ху 0,001 0,00021
ид 0,002 0,00188
тн 0,005 0,00198
кт 0,004 0,00175
вп 0,001 0,00032
зу 0,001 0,00063
оч 0,001 0,00237
му 0,003 0,00253
па 0,002 0,00232
ня 0,002 0,00185
еа 0,002 0,0003
ич 0,001 0,00256
гр 0,001 0,00159
дн 0,001 0,0025
иж 0,001 0,00043
мп 0,001 0,00046
ял 0,001 0,0008
ам 0,003 0,00451
пя 0,001 0,0003
ыс 0,001 0,00088
зг 0,002 0,00032
чё 0,001 4E-05
вн 0,002 0,00202
уг 0,002 0,00125
дп 0,001 0,00024
тк 0,001 0,00097
зи 0,001 0,00092
яв 0,001 0,00058
ух 0,003 0,00053
ци 0,002 0,0023
оз 0,002 0,00203
ии 0,001 0,0022
кс 0,001 0,00065
ып 0,001 0,00026
юж 0,001 4E-05
аи 0,001 0,00037
щу 0,001 0,00016
вт 0,002 0,00052
ах 0,001 0,00143
хр 0,001 0,00031
дж 0,001 0,00019
ят 0,001 0,00199
уп 0,001 0,00109
ук 0,001 0,00111
зя 0,001 0,00032
ещ 0,001 0,00082
ир 0,001 0,0021
дл 0,001 0,00111
ьм 0,001 0,00032
сд 0,001 0,00027
пн 0,002 0,0002
ур 0,002 0,00137
си 0,001 0,00277
др 0,002 0,00151
дч 0,001 9E-05
ры 0,001 0,002
фе 0,001 0,00059
са 0,001 0,00242
хн 0,001 0,00035
лж 0,001 0,00038
ля 0,003 0,00259
зн 0,001 0,00222
шл 0,001 0,0006
юк 0,001 6E-05
ыт 0,001 0,00088
зд 0,001 0,00116
бь 0,001 4E-05
уж 0,001 0,00169
нк 0,001 0,0009
пы 0,001 0,00042
жа 0,001 0,00128
ьш 0,001 0,00068
жу 0,001 0,0003
иц 0,001 0,00119
сс 0,001 0,00191
ще 0,001 0,00213
